Fan 6
 Signal Received
Protocol :UNKNOWN
Code     : 0x1DB64F57
Bits     : 16
Raw timings:
10104, 
3400, 
10704, 
588, 
1668, 
590, 
3930, 
588, 
1668, 
588, 
1668, 
590, 
1668, 
590, 
1668, 
590, 
1668, 
590, 
1668, 
590, 
1668, 
590, 
5058, 
588, 
6188, 
590, 
1668, 
590, 
1668, 
590, 
2798
___________________________

FAN 1

 Signal Received
Protocol :UNKNOWN
Code     : 0x3C331E28
Bits     : 16
Raw timings:
10130, 
3368, 
10728, 
558, 
1698, 
560, 
3956, 
558, 
1698, 
560, 
1696, 
558, 
1698, 
558, 
1698, 
558, 
1698, 
558, 
2828, 
556, 
5086, 
556, 
3956, 
558, 
2828, 
558, 
1698, 
558, 
1698, 
558, 
2826
___________________________
Fan 2
rotocol :UNKNOWN
Code     : 0x65BB8344
Bits     : 16
Raw timings:
10124, 
3374, 
10726, 
564, 
1692, 
566, 
3952, 
564, 
1692, 
566, 
1692, 
566, 
1690, 
566, 
6210, 
564, 
3950, 
566, 
1692, 
564, 
1690, 
566, 
1690, 
566, 
1690, 
566, 
2820, 
564, 
1690, 
566, 
2818
___________________________
Fan 3

 Signal Received
Protocol :UNKNOWN
Code     : 0xD8FE7E22
Bits     : 16
Raw timings:
10126, 
3366, 
10732, 
558, 
1698, 
560, 
3958, 
560, 
1698, 
560, 
1698, 
560, 
1698, 
560, 
2828, 
560, 
2826, 
558, 
5086, 
558, 
1698, 
560, 
2828, 
558, 
2826, 
558, 
1696, 
560, 
1698, 
558, 
2828
___________________________
Fan 4

 Signal Received
Protocol :UNKNOWN
Code     : 0xDCF03DDD
Bits     : 16
Raw timings:
9944, 
3560, 
10544, 
680, 
1576, 
682, 
3838, 
680, 
1576, 
684, 
1574, 
684, 
1574, 
684, 
1574, 
684, 
1574, 
686, 
3836, 
682, 
3834, 
684, 
3834, 
682, 
1572, 
686, 
2702, 
684, 
1570, 
688, 
2702
___________________________
Fan 5

 Signal Received
Protocol :UNKNOWN
Code     : 0x2374ADA5
Bits     : 16
Raw timings:
9916, 
3580, 
10518, 
694, 
1548, 
710, 
3820, 
696, 
1548, 
710, 
1548, 
708, 
1550, 
708, 
4950, 
696, 
4950, 
696, 
1554, 
706, 
1554, 
704, 
1554, 
704, 
2692, 
696, 
1554, 
702, 
1556, 
702, 
2692
__

Fan LED

 Signal Received
Protocol :UNKNOWN
Code     : 0xE344AEC2
Bits     : 16
Raw timings:
10062, 
3438, 
10666, 
604, 
1652, 
604, 
3912, 
602, 
1654, 
604, 
1654, 
604, 
1656, 
602, 
1656, 
602, 
1656, 
602, 
1656, 
602, 
2786, 
600, 
3918, 
600, 
5048, 
600, 
2788, 
600, 
1656, 
602, 
2786
___________________________
Fan Sleep

 Signal Received
Protocol :UNKNOWN
Code     : 0x3AE7DCBC
Bits     : 16
Raw timings:
9814, 
3684, 
10348, 
850, 
1190, 
1094, 
3626, 
870, 
1184, 
1100, 
1136, 
1122, 
1132, 
1126, 
2434, 
930, 
1166, 
1112, 
1128, 
1130, 
4752, 
870, 
1172, 
1110, 
4758, 
864, 
1182, 
1100, 
1140, 
1118, 
2454
___________________________
Fan Timer

 Signal Received
Protocol :UNKNOWN
Code     : 0x5A7AD727
Bits     : 17
Raw timings:
9776, 
3738, 
774, 
92, 
9270, 
1060, 
984, 
1298, 
3428, 
1066, 
998, 
1278, 
966, 
1292, 
972, 
1282, 
2294, 
1080, 
1028, 
1240, 
2320, 
1046, 
3536, 
978, 
1088, 
1194, 
3542, 
952, 
2408, 
982, 
1120, 
1146, 
2412
__
Fan On/off

 Signal Received
Protocol :UNKNOWN
Code     : 0x230785ED
Bits     : 16
Raw timings:
9806, 
3696, 
10408, 
840, 
1416, 
842, 
3676, 
840, 
1416, 
840, 
1416, 
840, 
1416, 
840, 
1416, 
840, 
4804, 
840, 
3674, 
840, 
2546, 
840, 
1416, 
840, 
1416, 
842, 
2546, 
840, 
1416, 
840, 
2546
___________________________
