Fan 1

 Signal Received
Protocol :UNKNOWN
Code     : 0x3C331E28
Bits     : 16
Raw timings:
9730, 
3764, 
10336, 
894, 
1360, 
896, 
3620, 
894, 
1360, 
896, 
1360, 
896, 
1360, 
896, 
1360, 
896, 
1360, 
896, 
2490, 
894, 
4748, 
892, 
3620, 
894, 
2490, 
894, 
1360, 
896, 
1360, 
896, 
2490
_
Fan 2
 Signal Received
Protocol :UNKNOWN
Code     : 0x65BB8344
Bits     : 16
Raw timings:
9802, 
3704, 
10402, 
842, 
1414, 
844, 
3672, 
842, 
1412, 
844, 
1414, 
844, 
1414, 
844, 
5932, 
844, 
3672, 
842, 
1412, 
844, 
1412, 
844, 
1412, 
844, 
1412, 
844, 
2542, 
844, 
1412, 
844, 
2542
___________________________
Fan 3

 Signal Received
Protocol :UNKNOWN
Code     : 0xD8FE7E22
Bits     : 16
Raw timings:
9792, 
3700, 
10398, 
844, 
1414, 
844, 
3674, 
844, 
1414, 
844, 
1414, 
846, 
1412, 
846, 
2544, 
844, 
2544, 
844, 
4802, 
844, 
1412, 
844, 
2542, 
844, 
2542, 
844, 
1412, 
846, 
1412, 
846, 
2542
___________________________
Fan 4
 Signal Received
Protocol :UNKNOWN
Code     : 0xDCF03DDD
Bits     : 16
Raw timings:
9802, 
3700, 
10406, 
840, 
1416, 
842, 
3674, 
840, 
1416, 
842, 
1416, 
842, 
1416, 
842, 
1416, 
842, 
1414, 
842, 
3676, 
842, 
3676, 
842, 
3676, 
842, 
1416, 
842, 
2546, 
842, 
1416, 
842, 
2546
___________________________
Fan 5

 Signal Received
Protocol :UNKNOWN
Code     : 0x2374ADA5
Bits     : 16
Raw timings:
9768, 
3726, 
10372, 
868, 
1388, 
868, 
3648, 
868, 
1388, 
870, 
1388, 
870, 
1388, 
870, 
4780, 
868, 
4780, 
868, 
1388, 
870, 
1388, 
870, 
1388, 
870, 
2518, 
870, 
1388, 
870, 
1388, 
870, 
2518
___________________________
Fan 6

 Signal Received
Protocol :UNKNOWN
Code     : 0x2374ADA5
Bits     : 16
Raw timings:
9768, 
3726, 
10372, 
868, 
1388, 
868, 
3648, 
868, 
1388, 
870, 
1388, 
870, 
1388, 
870, 
4780, 
868, 
4780, 
868, 
1388, 
870, 
1388, 
870, 
1388, 
870, 
2518, 
870, 
1388, 
870, 
1388, 
870, 
2518
___________________________
Fan On/Off

 Signal Received
Protocol :UNKNOWN
Code     : 0x230785ED
Bits     : 16
Raw timings:
9834, 
3666, 
10432, 
828, 
1428, 
828, 
3686, 
828, 
1428, 
832, 
1424, 
830, 
1428, 
830, 
1428, 
830, 
4816, 
828, 
3688, 
830, 
2558, 
830, 
1426, 
830, 
1428, 
830, 
2556, 
830, 
1428, 
830, 
2558
___________________________
Fan Led

 Signal Received
Protocol :UNKNOWN
Code     : 0xE344AEC2
Bits     : 16
Raw timings:
9838, 
3660, 
10438, 
822, 
1434, 
824, 
3692, 
824, 
1434, 
826, 
1430, 
824, 
1434, 
824, 
1434, 
824, 
1434, 
824, 
1434, 
824, 
2564, 
824, 
3694, 
824, 
4824, 
824, 
2564, 
824, 
1432, 
826, 
2564
___________________________
Fan Timer

 Signal Received
Protocol :UNKNOWN
Code     : 0xC6B30AFD
Bits     : 16
Raw timings:
9842, 
3662, 
10442, 
822, 
1434, 
824, 
3696, 
822, 
1434, 
824, 
1434, 
824, 
1434, 
822, 
2566, 
822, 
1434, 
824, 
2564, 
822, 
3694, 
822, 
1434, 
824, 
3694, 
822, 
2566, 
822, 
1434, 
824, 
2566
_____
Fan Sleep

 Signal Received
Protocol :UNKNOWN
Code     : 0x993E183B
Bits     : 16
Raw timings:
9844, 
3652, 
10452, 
814, 
1442, 
816, 
3702, 
816, 
1442, 
816, 
1442, 
816, 
1442, 
816, 
2574, 
816, 
1442, 
818, 
1442, 
816, 
4832, 
816, 
1442, 
816, 
4832, 
816, 
1442, 
816, 
1442, 
816, 
2574
___________________________
