Fan 1

 Signal Received
Protocol :UNKNOWN
Code     : 0x3C331E28
Bits     : 16
Raw timings:
9842, 
3658, 
10446, 
818, 
1438, 
820, 
3698, 
818, 
1438, 
820, 
1438, 
820, 
1438, 
820, 
1438, 
820, 
1438, 
820, 
2570, 
820, 
4830, 
820, 
3700, 
820, 
2568, 
820, 
1438, 
820, 
1438, 
820, 
2568
___________________________
Fan 2

 Signal Received
Protocol :UNKNOWN
Code     : 0x65BB8344
Bits     : 16
Raw timings:
9822, 
3676, 
10430, 
836, 
1422, 
836, 
3682, 
836, 
1422, 
836, 
1422, 
838, 
1422, 
836, 
5940, 
834, 
3682, 
836, 
1422, 
836, 
1422, 
836, 
1422, 
838, 
1422, 
840, 
2550, 
836, 
1422, 
836, 
2552
___________________________
Fan 3

 Signal Received
Protocol :UNKNOWN
Code     : 0xD8FE7E22
Bits     : 16
Raw timings:
9820, 
3676, 
10424, 
838, 
1420, 
836, 
3682, 
834, 
1422, 
836, 
1422, 
836, 
1420, 
836, 
2552, 
834, 
2552, 
836, 
4810, 
834, 
1420, 
836, 
2552, 
836, 
2550, 
836, 
1420, 
836, 
1420, 
836, 
2552
___________________________
Fan 4
Signal Received
Protocol :UNKNOWN
Code     : 0xDCF03DDD
Bits     : 16
Raw timings:
9822, 
3676, 
10434, 
836, 
1422, 
838, 
3684, 
836, 
1422, 
838, 
1422, 
838, 
1422, 
838, 
1422, 
838, 
1422, 
838, 
3684, 
836, 
3682, 
836, 
3682, 
836, 
1422, 
836, 
2552, 
838, 
1420, 
838, 
2552
___________________________
Fan 5

 Signal Received
Protocol :UNKNOWN
Code     : 0x2374ADA5
Bits     : 16
Raw timings:
9832, 
3678, 
10434, 
836, 
1422, 
836, 
3682, 
836, 
1422, 
838, 
1422, 
838, 
1422, 
838, 
4814, 
836, 
4814, 
836, 
1422, 
838, 
1422, 
838, 
1422, 
838, 
2552, 
836, 
1420, 
838, 
1420, 
838, 
2552
___________________________
Fan 6

 Signal Received
Protocol :UNKNOWN
Code     : 0x1DB64F57
Bits     : 16
Raw timings:
9820, 
3676, 
10426, 
836, 
1420, 
838, 
3680, 
836, 
1420, 
836, 
1420, 
836, 
1420, 
836, 
1420, 
836, 
1420, 
836, 
1420, 
836, 
1420, 
836, 
4808, 
834, 
5936, 
834, 
1420, 
836, 
1420, 
836, 
2550
___________________________
Fan LEd

 Signal Received
Protocol :UNKNOWN
Code     : 0xE344AEC2
Bits     : 16
Raw timings:
9820, 
3674, 
10422, 
836, 
1422, 
836, 
3682, 
836, 
1420, 
836, 
1420, 
836, 
1420, 
836, 
1422, 
836, 
1420, 
838, 
1420, 
838, 
2550, 
836, 
3680, 
836, 
4808, 
836, 
2552, 
836, 
1420, 
836, 
2550
___________________________
Fan timer

 Signal Received
Protocol :UNKNOWN
Code     : 0xC6B30AFD
Bits     : 16
Raw timings:
9820, 
3674, 
10422, 
834, 
1422, 
836, 
3680, 
836, 
1420, 
836, 
1420, 
836, 
1422, 
836, 
2550, 
836, 
1420, 
836, 
2550, 
834, 
3680, 
834, 
1422, 
836, 
3680, 
836, 
2550, 
836, 
1420, 
836, 
2550
___________________________
Fan Sleep
 Signal Received
Protocol :UNKNOWN
Code     : 0x993E183B
Bits     : 16
Raw timings:
9834, 
3670, 
10434, 
832, 
1426, 
834, 
3686, 
832, 
1426, 
832, 
1426, 
832, 
1426, 
832, 
2556, 
832, 
1426, 
832, 
1424, 
834, 
4814, 
832, 
1424, 
834, 
4812, 
832, 
1424, 
834, 
1424, 
832, 
2554
___________________________
Fan On/Off

 Signal Received
Protocol :UNKNOWN
Code     : 0x230785ED
Bits     : 16
Raw timings:
9832, 
3672, 
10428, 
834, 
1422, 
834, 
3682, 
834, 
1422, 
836, 
1422, 
836, 
1422, 
836, 
1422, 
836, 
4814, 
836, 
3680, 
834, 
2554, 
834, 
1422, 
836, 
1422, 
836, 
2552, 
836, 
1422, 
836, 
2552
___________________________
